11402 1 0.950479 126
29542 1 0.723083 325
20212 -1 0.591486 353
13495 -1 0.496214 -40
4480 1 0.460464 5
125 1 0.439175 26
6519 -1 0.404198 -9
19970 -1 0.430957 815
11619 -1 0.50211 -28
21233 -1 0.363397 595
25996 -1 0.448341 288
3824 1 0.442573 21
2 -1 0.356887 -26
14074 -1 0.338778 -17
1087 1 0.344565 2
30591 -1 0.316935 -9
8640 1 0.370828 46
568 1 0.398161 -107
14716 -1 0.32262 -24
31816 -1 0.333144 2
13009 1 0.362591 237
1012 -1 0.401673 86
13922 -1 0.309425 -3
10831 -1 0.358906 -34
14124 -1 0.34694 25
6974 1 0.306679 3
17972 -1 0.330606 3460
28455 1 0.37794 18
15119 1 0.321499 3
5980 1 0.31862 3
12370 -1 0.351348 -4353
308 1 0.381515 2
16860 1 0.290407 10
17392 1 0.33402 1
16854 1 0.310756 25
26490 -1 0.33412 428
13566 -1 0.287752 -65
30692 1 0.323 -81
17452 -1 0.287133 -132
28678 -1 0.379827 133
29895 1 0.368533 -207
12113 1 0.365672 530
11943 -1 0.367853 -28
8866 -1 0.291161 -15
11269 1 0.315399 -181
2146 -1 0.290718 -20
19490 -1 0.311577 917
8753 1 0.35819 4
14464 -1 0.32484 44
11740 1 0.286234 39
20255 -1 0.35762 797
0 -1 0.26749 -6
30503 -1 0.29367 -2
4543 -1 0.293919 -3
14916 -1 0.33846 -2071
30824 1 0.335437 -15
13438 1 0.283001 41
30611 -1 0.297291 1
12881 1 0.291876 274
31758 -1 0.35145 179
31577 1 0.327488 -103
17331 -1 0.346472 -568
2663 -1 0.356146 -26
5582 1 0.26891 -249
15167 1 0.309916 32
26510 -1 0.324798 156
13503 -1 0.316457 -62
29966 1 0.291525 -224
6920 -1 0.27737 -6
14729 1 0.284477 83
24129 -1 0.266547 263
6798 1 0.275364 -358
11676 -1 0.285977 -64
5103 -1 0.340616 292
13579 1 0.248738 398
11170 -1 0.331078 -59
31463 -1 0.265734 -3
14668 1 0.279314 45
63 1 0.269811 2
11396 -1 0.275967 -3285
2571 -1 0.331922 142
9783 1 0.25255 2
8701 -1 0.293655 -145
10721 -1 0.346934 104
10245 1 0.274067 -578
4495 1 0.253549 8
9831 -1 0.273296 -18
7168 1 0.250249 104
5880 1 0.341427 -29
4528 1 0.261216 11
18370 -1 0.320471 1193
28227 -1 0.347411 464
27462 1 0.267055 83
6070 -1 0.257928 -20
8639 -1 0.30112 -112
30414 1 0.337575 -322
14572 -1 0.246478 6
1209 1 0.317602 623
16756 1 0.365594 7
31695 -1 0.263775 4
